SNPID CHR POS Z_1 V_1 Z_2 V_2
rs7526076 chr1 998395 -0.322165 3.24844e-05 -0.175019 3.24844e-05
rs11584349 chr1 1000156 -0.343634 3.17098e-05 -0.211666 3.17098e-05
rs4970401 chr1 1001177 -0.338341 3.17098e-05 -0.218236 3.17098e-05
rs4246502 chr1 1002932 -0.32282 3.24844e-05 -0.20102 3.24844e-05
rs4075116 chr1 1003629 -0.422 3.16265e-05 -0.309 3.00163e-05
rs4073176 chr1 1004957 -0.836702 2.56568e-05 -0.767148 2.56568e-05
rs4073177 chr1 1004980 -0.836702 2.56568e-05 -0.767148 2.56568e-05
rs9442394 chr1 1006223 -0.878073 2.56568e-05 -0.810621 2.56568e-05
rs4326571 chr1 1006990 -0.223668 3.1002e-05 -0.128162 3.1002e-05
rs4333796 chr1 1007432 -0.814714 2.53653e-05 -0.712983 2.53653e-05
rs9442366 chr1 1009234 -0.720893 2.53653e-05 -0.655056 2.53653e-05
rs9442367 chr1 1009478 -0.253097 3.1002e-05 -0.158145 3.1002e-05
rs9442368 chr1 1010717 -0.789618 2.54998e-05 -0.66848 2.54998e-05
rs12401605 chr1 1014836 -0.82288 2.5161e-05 -0.641162 2.5161e-05
rs12411041 chr1 1014864 -0.811999 2.52525e-05 -0.633578 2.52525e-05
rs36027499 chr1 1015126 -0.766148 2.53653e-05 -0.598332 2.53653e-05
rs9442369 chr1 1015257 -0.752528 2.52525e-05 -0.595758 2.52525e-05
rs9442370 chr1 1015551 -0.771761 2.52525e-05 -0.618365 2.52525e-05
rs12746483 chr1 1015817 -0.108077 3.03545e-05 0.057095 3.03545e-05
rs3766193 chr1 1017170 -0.807787 2.52525e-05 -0.682538 2.52525e-05
rs3766192 chr1 1017197 -0.961 2.20734e-05 -0.817 2.10352e-05
rs1133647 chr1 1017341 -0.140394 3.03545e-05 0.005957 3.03545e-05
rs3766191 chr1 1017587 0.898815 4.90196e-05 0.832194 4.90196e-05
rs9442395 chr1 1018144 -0.702562 2.53653e-05 -0.558192 2.53653e-05
rs9442371 chr1 1018562 -0.565 2.21719e-05 -0.355 2.11291e-05
rs9442372 chr1 1018704 -0.819 2.2178e-05 -0.602 2.11353e-05
rs2298215 chr1 1019175 0.043162 3.1002e-05 0.10764 3.1002e-05
rs9442396 chr1 1019180 -0.687878 2.54998e-05 -0.545078 2.54998e-05
rs9442397 chr1 1020406 0.048459 3.1002e-05 0.123672 3.1002e-05
rs10907177 chr1 1021346 0.897045 4.6503e-05 0.798827 4.6503e-05
rs3737728 chr1 1021415 -0.189 2.74066e-05 0.172 2.61245e-05
rs10907178 chr1 1021583 0.972321 4.6503e-05 0.869087 4.6503e-05
rs9442398 chr1 1021695 0.311 2.7099e-05 0.314 2.58245e-05
rs6701114 chr1 1022037 -0.769 2.38449e-05 -0.903 2.26546e-05
rs9442380 chr1 1087683 1.474 8.61264e-05 1.866 8.20653e-05
rs4970358 chr1 1089262 1.211 0.000192674 1.169 0.000183589
rs9442361 chr1 1090010 1.36687 9.60061e-05 1.77463 9.60061e-05
rs56863140 chr1 1092599 1.36687 9.60061e-05 1.77463 9.60061e-05
rs1539636 chr1 1096908 1.34754 0.000110816 1.68864 0.000110816
rs1539634 chr1 1097100 1.46366 0.000110816 1.77922 0.000110816
rs9442384 chr1 1097287 1.39259 0.000110816 1.71448 0.000110816
rs9442385 chr1 1097335 1.464 0.00010011 1.78 9.52812e-05
rs9660710 chr1 1099342 1.283 9.86903e-05 1.663 9.40111e-05
rs1891905 chr1 1100217 1.17 0.000118038 1.415 0.000112473
rs1891904 chr1 1100319 1.09789 0.000131579 1.34219 0.000131579
rs7549819 chr1 1101003 1.13259 0.000131579 1.33653 0.000131579
rs7518873 chr1 1103542 1.14487 0.000131579 1.34204 0.000131579
rs7521584 chr1 1103958 1.21904 0.000131579 1.43671 0.000131579
rs80057011 chr1 1121358 0.836616 7.63126e-05 0.653697 7.63126e-05
rs12063663 chr1 1121480 0.836616 7.63126e-05 0.653697 7.63126e-05
rs11260548 chr1 1121657 1.08149 3.52908e-05 0.865626 3.52908e-05
rs4081333 chr1 1121715 0.795403 7.63126e-05 0.611937 7.63126e-05
rs12064046 chr1 1122283 0.853483 7.63126e-05 0.670045 7.63126e-05
rs12063897 chr1 1122539 0.833264 7.63126e-05 0.643154 7.63126e-05
rs28595293 chr1 1122915 1.62031 3.17098e-05 1.44177 3.17098e-05
rs28460227 chr1 1122916 0.833264 7.63126e-05 0.643154 7.63126e-05
rs28648687 chr1 1122937 0.833264 7.63126e-05 0.643154 7.63126e-05
rs6684820 chr1 1124663 1.76 2.79973e-05 1.523 2.66248e-05
rs6694487 chr1 1124819 0.833264 7.63126e-05 0.643154 7.63126e-05
rs12065129 chr1 1125220 0.833264 7.63126e-05 0.643154 7.63126e-05
rs10907174 chr1 1125553 1.15313 3.64219e-05 0.937873 3.64219e-05
rs9659458 chr1 1127101 0.833264 7.63126e-05 0.643154 7.63126e-05
rs12062271 chr1 1127137 0.755672 7.63126e-05 0.569593 7.63126e-05
rs12061357 chr1 1127330 0.833264 7.63126e-05 0.643154 7.63126e-05
rs9659213 chr1 1129122 0.833264 7.63126e-05 0.643154 7.63126e-05
rs12060374 chr1 1129789 0.833264 7.63126e-05 0.643154 7.63126e-05
rs12060422 chr1 1129920 0.833264 7.63126e-05 0.643154 7.63126e-05
rs11260556 chr1 1130206 1.15313 3.64219e-05 0.937873 3.64219e-05
rs10907175 chr1 1130727 0.833 6.57124e-05 0.68 6.25648e-05
rs9727857 chr1 1130843 1.59411 3.17098e-05 1.40441 3.17098e-05
rs10907176 chr1 1130855 0.833264 7.63126e-05 0.643154 7.63126e-05
rs12066103 chr1 1131052 0.833264 7.63126e-05 0.643154 7.63126e-05
rs12062042 chr1 1131236 0.833264 7.63126e-05 0.643154 7.63126e-05
rs12067297 chr1 1131312 0.681606 8.49185e-05 0.466574 8.49185e-05
rs9329408 chr1 1131316 0.703317 8.49185e-05 0.571529 8.49185e-05
rs143570933 chr1 1131394 0.747721 7.63126e-05 0.542729 7.63126e-05
rs9329409 chr1 1131581 1.59758 3.17098e-05 1.39521 3.17098e-05
rs2274789 chr1 1133077 1.53773 3.24844e-05 1.34005 3.24844e-05
rs12031928 chr1 1133273 1.56344 3.24844e-05 1.39741 3.24844e-05
rs12405246 chr1 1133787 1.54977 3.24844e-05 1.36712 3.24844e-05
rs35009659 chr1 1133815 1.54977 3.24844e-05 1.36712 3.24844e-05
rs9729550 chr1 1135242 1.718 2.79973e-05 1.493 2.66248e-05
rs74508499 chr1 1138285 0.876112 6.94444e-05 0.65564 6.94444e-05
rs78021605 chr1 1144653 0.816022 7.63126e-05 0.533028 7.63126e-05
rs111842318 chr1 1144696 0.816022 7.63126e-05 0.533028 7.63126e-05
rs36057244 chr1 1145411 0.744432 7.63126e-05 0.469575 7.63126e-05
rs35916760 chr1 1145441 0.744432 7.63126e-05 0.469575 7.63126e-05
rs34279802 chr1 1145467 0.744432 7.63126e-05 0.469575 7.63126e-05
rs34067070 chr1 1145766 0.744432 7.63126e-05 0.469575 7.63126e-05
rs2298211 chr1 1147243 0.766288 7.63126e-05 0.498014 7.63126e-05
rs2298212 chr1 1147297 0.766288 7.63126e-05 0.498014 7.63126e-05
rs9661697 chr1 1147770 0.82259 7.63126e-05 0.553576 7.63126e-05
rs35659545 chr1 1150181 0.779523 7.63126e-05 0.494709 7.63126e-05
rs35339498 chr1 1150211 0.763969 6.94444e-05 0.480274 6.94444e-05
rs34115518 chr1 1150448 0.779523 7.63126e-05 0.494709 7.63126e-05
rs3813201 chr1 1151232 1.2635 4.90196e-05 1.24157 4.90196e-05
rs75972122 chr1 1151973 1.2635 4.90196e-05 1.24157 4.90196e-05
rs11721 chr1 1152631 1.272 6.13142e-05 1.079 5.83083e-05
rs12036216 chr1 1153113 1.19678 6.38407e-05 0.773785 6.38407e-05
